1 1
2 12.98202114
3 0.02277152
4 0.63613429
5 2.8405243700000002
6 2.16989271
7 3.62002937
8 2.04312533
9 2.46707629
10 2.46707629
11 2.16989271
12 5.09954689
13 0.87633762
14 3.96742794
15 3.32264966
16 4.12329568
17 1.35421876
18 3.62002937
19 4.04403063
20 2.04312533
21 2.04312533
22 2.46707629
23 2.46707629
24 1.82377678
25 3.96742794
26 2.04312533
27 1.5604861200000002
28 4.98376832
29 1.0535270700000001
30 3.06530498
31 1.35421876
32 4.37853091
33 1.4177798799999999
34 12.610516039999998
35 0.02278521
36 0.63613429
37 4.51697992
38 2.16989271
39 2.46707629
40 2.3104476099999998
41 1.64089206
42 3.62002937
43 2.3104476099999998
44 1.14076132
45 2.04312533
46 2.64259673
47 2.64259673
48 2.3104476099999998
49 1.7283474699999999
50 2.3104476099999998
