1 2.21
2 2.35
3 2.39
4 2.34
5 2.37
6 2.39
7 2.37
8 2.33
9 2.43
10 2.35
11 2.32
12 2.32
13 2.37
14 2.39
15 2.34
16 2.32
17 2.39
18 2.31
19 2.39
20 2.39
21 2.36
22 2.39
23 2.37
24 2.40
25 2.37
26 2.36
27 2.37
28 2.36
29 2.42
30 2.43
31 2.40
32 2.36
33 2.37
34 2.35
35 2.41
36 2.34
37 2.39
38 2.33
39 2.37
40 2.37
41 2.35
42 2.39
43 2.40
44 2.37
45 2.37
46 2.37
47 2.36
48 2.34
49 2.36
50 2.37
51 2.39
52 2.36
53 2.37
54 2.39
55 2.41
56 2.32
57 2.42
58 2.37
59 2.37
60 2.36
61 2.35
62 2.39
63 2.40
64 2.35
65 2.42
66 2.29
67 2.35
68 2.42
69 2.39
70 2.35
71 2.37
72 2.34
73 2.41
74 2.35
75 2.35
76 2.39
77 2.40
78 2.27
79 2.37
80 2.42
81 2.36
82 2.37
83 2.36
84 2.33
85 2.42
86 2.41
87 2.35
88 2.40
89 2.32
90 2.39
91 2.31
92 2.40
93 2.36
94 2.37
95 2.39
96 2.37
97 2.41
98 2.37
99 2.35
100 2.40
101 2.36
102 2.42
103 2.32
104 2.34
105 2.41
106 2.37
107 2.37
108 2.35
109 2.41
110 2.34
111 2.37
112 2.41
113 2.36
114 2.37
115 2.37
116 2.35
117 2.39
118 2.37
119 2.34
120 2.34
121 2.39
122 2.40
123 2.34
124 2.37
125 2.31
126 2.37
127 2.37
128 2.37
129 2.33
130 2.35
131 2.36
132 2.40
133 2.37
134 2.37
135 2.40
136 2.41
137 2.37
138 2.36
139 2.36
140 2.36
141 2.42
142 2.34
143 2.35
144 2.34
145 2.39
146 2.39
147 2.39
148 2.37
149 2.36
150 2.39
151 2.40
152 2.39
153 2.36
154 2.40
155 2.36
156 2.39
157 2.39
158 2.39
159 2.37
160 2.36
161 2.36
162 2.37
163 2.39
164 2.37
165 2.36
166 2.41
167 2.35
168 2.39
169 2.39
170 2.36
171 2.37
172 2.37
173 2.43
174 2.40
175 2.35
176 2.37
177 2.37
178 2.36
179 2.27
180 2.37
181 2.37
182 2.42
183 2.35
184 2.40
185 2.39
186 2.43
187 2.36
188 2.41
189 2.36
190 2.35
191 2.41
192 2.36
193 2.41
194 2.33
195 2.37
196 2.42
197 2.37
198 2.40
199 2.34
200 2.42
201 2.41
202 2.36
203 2.37
204 2.34
205 2.39
206 2.36
207 2.39
208 2.41
209 2.36
210 2.36
211 2.42
212 2.32
213 2.39
214 2.35
215 2.33
216 2.32
217 2.33
218 2.39
219 2.42
220 2.39
221 2.40
222 2.36
223 2.39
224 2.34
225 2.36
226 2.40
227 2.42
228 2.34
229 2.37
230 2.41
231 2.40
232 2.36
233 2.37
234 2.34
235 2.40
236 2.35
237 2.35
238 2.40
239 2.36
240 2.41
241 2.36
242 2.37
243 2.36
244 2.36
245 2.36
246 2.36
247 2.37
248 2.35
249 2.41
250 2.36
251 2.37
252 2.31
253 2.35
254 2.37
255 2.42
256 2.40
257 2.35
258 2.36
259 2.37
260 2.40
261 2.34
262 2.42
263 2.39
264 2.37
265 2.35
266 2.33
267 2.40
268 2.37
269 2.40
270 2.41
271 2.31
272 2.36
273 2.34
274 2.39
275 2.37
276 2.39
277 2.35
278 2.35
279 2.35
280 2.40
281 2.36
282 2.29
283 2.41
284 2.37
285 2.37
286 2.40
287 2.41
288 2.29
289 2.35
290 2.35
291 2.36
292 2.35
293 2.42
294 2.42
295 2.36
296 2.42
297 2.37
298 2.37
299 2.37
300 2.36
