 port
 2.21
 2.35
 2.39
 2.34
 2.37
 2.39
 2.37
 2.33
 2.43
10.0 2.35
11.0 2.32
12.0 2.32
13.0 2.37
14.0 2.39
15.0 2.34
16.0 2.32
17.0 2.39
18.0 2.31
19.0 2.39
20.0 2.39
21.0 2.36
22.0 2.39
23.0 2.37
24.0 2.40
25.0 2.37
26.0 2.36
27.0 2.37
28.0 2.36
29.0 2.42
30.0 2.43
31.0 2.40
32.0 2.36
33.0 2.37
34.0 2.35
35.0 2.41
36.0 2.34
37.0 2.39
38.0 2.33
39.0 2.37
40.0 2.37
41.0 2.35
42.0 2.39
43.0 2.40
44.0 2.37
45.0 2.37
46.0 2.37
47.0 2.36
48.0 2.34
49.0 2.36
50.0 2.37
51.0 2.39
52.0 2.36
53.0 2.37
54.0 2.39
55.0 2.41
56.0 2.32
57.0 2.42
58.0 2.37
59.0 2.37
60.0 2.36
61.0 2.35
62.0 2.39
63.0 2.40
64.0 2.35
65.0 2.42
66.0 2.29
67.0 2.35
68.0 2.42
69.0 2.39
70.0 2.35
71.0 2.37
72.0 2.34
73.0 2.41
74.0 2.35
75.0 2.35
76.0 2.39
77.0 2.40
78.0 2.27
79.0 2.37
80.0 2.42
81.0 2.36
82.0 2.37
83.0 2.36
84.0 2.33
85.0 2.42
86.0 2.41
87.0 2.35
88.0 2.40
89.0 2.32
90.0 2.39
91.0 2.31
92.0 2.40
93.0 2.36
94.0 2.37
95.0 2.39
96.0 2.37
97.0 2.41
98.0 2.37
99.0 2.35
100.0 2.40
101.0 2.36
102.0 2.42
103.0 2.32
104.0 2.34
105.0 2.41
106.0 2.37
107.0 2.37
108.0 2.35
109.0 2.41
110.0 2.34
111.0 2.37
112.0 2.41
113.0 2.36
114.0 2.37
115.0 2.37
116.0 2.35
117.0 2.39
118.0 2.37
119.0 2.34
120.0 2.34
121.0 2.39
122.0 2.40
123.0 2.34
124.0 2.37
125.0 2.31
126.0 2.37
127.0 2.37
128.0 2.37
129.0 2.33
130.0 2.35
131.0 2.36
132.0 2.40
133.0 2.37
134.0 2.37
135.0 2.40
136.0 2.41
137.0 2.37
138.0 2.36
139.0 2.36
140.0 2.36
141.0 2.42
142.0 2.34
143.0 2.35
144.0 2.34
145.0 2.39
146.0 2.39
147.0 2.39
148.0 2.37
149.0 2.36
150.0 2.39
151.0 2.40
152.0 2.39
153.0 2.36
154.0 2.40
155.0 2.36
156.0 2.39
157.0 2.39
158.0 2.39
159.0 2.37
160.0 2.36
161.0 2.36
162.0 2.37
163.0 2.39
164.0 2.37
165.0 2.36
166.0 2.41
167.0 2.35
168.0 2.39
169.0 2.39
170.0 2.36
171.0 2.37
172.0 2.37
173.0 2.43
174.0 2.40
175.0 2.35
176.0 2.37
177.0 2.37
178.0 2.36
179.0 2.27
180.0 2.37
181.0 2.37
182.0 2.42
183.0 2.35
184.0 2.40
185.0 2.39
186.0 2.43
187.0 2.36
188.0 2.41
189.0 2.36
190.0 2.35
191.0 2.41
192.0 2.36
193.0 2.41
194.0 2.33
195.0 2.37
196.0 2.42
197.0 2.37
198.0 2.40
199.0 2.34
200.0 2.42
201.0 2.41
202.0 2.36
203.0 2.37
204.0 2.34
205.0 2.39
206.0 2.36
207.0 2.39
208.0 2.41
209.0 2.36
210.0 2.36
211.0 2.42
212.0 2.32
213.0 2.39
214.0 2.35
215.0 2.33
216.0 2.32
217.0 2.33
218.0 2.39
219.0 2.42
220.0 2.39
221.0 2.40
222.0 2.36
223.0 2.39
224.0 2.34
225.0 2.36
226.0 2.40
227.0 2.42
228.0 2.34
229.0 2.37
230.0 2.41
231.0 2.40
232.0 2.36
233.0 2.37
234.0 2.34
235.0 2.40
236.0 2.35
237.0 2.35
238.0 2.40
239.0 2.36
240.0 2.41
241.0 2.36
242.0 2.37
243.0 2.36
244.0 2.36
245.0 2.36
246.0 2.36
247.0 2.37
248.0 2.35
249.0 2.41
250.0 2.36
251.0 2.37
252.0 2.31
253.0 2.35
254.0 2.37
255.0 2.42
256.0 2.40
257.0 2.35
258.0 2.36
259.0 2.37
260.0 2.40
261.0 2.34
262.0 2.42
263.0 2.39
264.0 2.37
265.0 2.35
266.0 2.33
267.0 2.40
268.0 2.37
269.0 2.40
270.0 2.41
271.0 2.31
272.0 2.36
273.0 2.34
274.0 2.39
275.0 2.37
276.0 2.39
277.0 2.35
278.0 2.35
279.0 2.35
280.0 2.40
281.0 2.36
282.0 2.29
283.0 2.41
284.0 2.37
285.0 2.37
286.0 2.40
287.0 2.41
288.0 2.29
289.0 2.35
290.0 2.35
291.0 2.36
292.0 2.35
293.0 2.42
294.0 2.42
295.0 2.36
296.0 2.42
297.0 2.37
298.0 2.37
299.0 2.37
300.0 2.36
300.0 MBytes
