 port
 7.07
 7.23
 6.79
 7.44
 7.15
 7.16
 7.18
 7.32
 7.01
10.0 7.16
11.0 7.21
12.0 7.41
13.0 7.04
14.0 7.19
15.0 7.23
16.0 7.27
17.0 7.16
18.0 7.14
19.0 7.12
20.0 6.99
21.0 7.17
22.0 7.19
23.0 7.02
24.0 7.12
25.0 7.18
26.0 7.19
27.0 7.19
28.0 7.21
29.0 7.10
30.0 7.07
31.0 7.16
32.0 7.22
33.0 7.21
34.0 7.16
35.0 7.11
36.0 7.22
37.0 7.16
38.0 7.25
39.0 7.23
40.0 7.18
41.0 7.18
42.0 7.19
43.0 7.09
44.0 7.18
45.0 7.18
46.0 7.17
47.0 7.14
48.0 7.18
49.0 7.21
50.0 7.17
51.0 7.14
52.0 7.21
53.0 7.16
54.0 7.15
55.0 7.04
56.0 7.25
57.0 7.12
58.0 7.16
59.0 7.14
60.0 7.23
61.0 7.22
62.0 7.36
63.0 6.99
64.0 7.22
65.0 7.17
66.0 7.30
67.0 7.32
68.0 7.01
69.0 7.18
70.0 7.25
71.0 7.16
72.0 7.26
73.0 7.16
74.0 7.23
75.0 7.02
76.0 7.32
77.0 7.15
78.0 7.37
79.0 7.14
80.0 7.14
81.0 7.21
82.0 7.14
83.0 7.19
84.0 7.18
85.0 7.14
86.0 7.10
87.0 7.21
88.0 7.18
89.0 7.23
90.0 7.19
91.0 7.38
92.0 7.01
93.0 7.18
94.0 7.16
95.0 7.22
96.0 7.16
97.0 7.14
98.0 7.14
99.0 7.22
100.0 7.18
101.0 7.14
102.0 7.10
103.0 7.23
104.0 7.11
105.0 7.11
106.0 7.16
107.0 7.22
108.0 7.23
109.0 7.16
110.0 7.21
111.0 7.10
112.0 7.09
113.0 7.18
114.0 7.19
115.0 7.38
116.0 7.05
117.0 7.16
118.0 7.14
119.0 6.89
120.0 7.23
121.0 7.19
122.0 7.16
123.0 7.21
124.0 7.16
125.0 7.30
126.0 7.18
127.0 7.23
128.0 7.17
129.0 7.25
130.0 7.18
131.0 7.21
132.0 7.15
133.0 7.21
134.0 7.16
135.0 7.18
136.0 7.15
137.0 7.18
138.0 7.16
139.0 7.26
140.0 7.24
141.0 7.10
142.0 7.18
143.0 7.23
144.0 7.21
145.0 7.21
146.0 7.17
147.0 7.19
148.0 7.17
149.0 7.22
150.0 7.21
151.0 7.11
152.0 7.14
153.0 7.21
154.0 7.14
155.0 7.22
156.0 7.16
157.0 7.21
158.0 7.16
159.0 7.22
160.0 7.21
161.0 7.23
162.0 7.14
163.0 7.16
164.0 7.19
165.0 7.18
166.0 7.30
167.0 7.04
168.0 7.17
169.0 7.16
170.0 7.17
171.0 7.22
172.0 7.17
173.0 7.14
174.0 7.16
175.0 7.21
176.0 7.17
177.0 7.16
178.0 7.18
179.0 6.34
180.0 7.19
181.0 7.18
182.0 7.19
183.0 7.16
184.0 7.09
185.0 7.14
186.0 7.17
187.0 7.16
188.0 7.11
189.0 7.19
190.0 7.21
191.0 7.18
192.0 7.18
193.0 7.16
194.0 7.24
195.0 7.18
196.0 7.09
197.0 7.21
198.0 7.18
199.0 7.24
200.0 7.14
201.0 7.14
202.0 7.15
203.0 7.14
204.0 7.25
205.0 7.21
206.0 7.16
207.0 7.19
208.0 7.15
209.0 7.19
210.0 7.21
211.0 7.12
212.0 7.25
213.0 7.14
214.0 7.23
215.0 7.21
216.0 7.25
217.0 7.22
218.0 7.18
219.0 7.16
220.0 7.16
221.0 7.08
222.0 7.21
223.0 7.21
224.0 7.18
225.0 7.15
226.0 7.18
227.0 7.07
228.0 7.25
229.0 7.17
230.0 7.16
231.0 7.04
232.0 7.24
233.0 7.21
234.0 7.45
235.0 6.99
236.0 7.17
237.0 7.14
238.0 7.18
239.0 7.16
240.0 7.30
241.0 7.05
242.0 7.16
243.0 7.23
244.0 7.16
245.0 7.21
246.0 7.22
247.0 7.16
248.0 7.16
249.0 7.14
250.0 7.17
251.0 7.16
252.0 7.27
253.0 7.23
254.0 7.21
255.0 7.09
256.0 7.07
257.0 7.22
258.0 7.16
259.0 7.22
260.0 7.16
261.0 7.21
262.0 7.14
263.0 7.12
264.0 7.21
265.0 7.39
266.0 7.02
267.0 7.12
268.0 7.16
269.0 7.23
270.0 7.10
271.0 7.29
272.0 7.10
273.0 7.25
274.0 7.14
275.0 7.18
276.0 7.14
277.0 7.27
278.0 7.10
279.0 7.18
280.0 7.17
281.0 7.21
282.0 7.41
283.0 6.93
284.0 7.21
285.0 7.15
286.0 7.21
287.0 7.14
288.0 7.29
289.0 7.17
290.0 7.24
291.0 7.21
292.0 7.21
293.0 7.18
294.0 7.10
295.0 7.32
296.0 7.00
297.0 7.14
298.0 7.11
299.0 7.10
300.0 7.21
300.0 7.17
