1 7.07
2 7.23
3 6.79
4 7.44
5 7.15
6 7.16
7 7.18
8 7.32
9 7.01
10 7.16
11 7.21
12 7.41
13 7.04
14 7.19
15 7.23
16 7.27
17 7.16
18 7.14
19 7.12
20 6.99
21 7.17
22 7.19
23 7.02
24 7.12
25 7.18
26 7.19
27 7.19
28 7.21
29 7.10
30 7.07
31 7.16
32 7.22
33 7.21
34 7.16
35 7.11
36 7.22
37 7.16
38 7.25
39 7.23
40 7.18
41 7.18
42 7.19
43 7.09
44 7.18
45 7.18
46 7.17
47 7.14
48 7.18
49 7.21
50 7.17
51 7.14
52 7.21
53 7.16
54 7.15
55 7.04
56 7.25
57 7.12
58 7.16
59 7.14
60 7.23
61 7.22
62 7.36
63 6.99
64 7.22
65 7.17
66 7.30
67 7.32
68 7.01
69 7.18
70 7.25
71 7.16
72 7.26
73 7.16
74 7.23
75 7.02
76 7.32
77 7.15
78 7.37
79 7.14
80 7.14
81 7.21
82 7.14
83 7.19
84 7.18
85 7.14
86 7.10
87 7.21
88 7.18
89 7.23
90 7.19
91 7.38
92 7.01
93 7.18
94 7.16
95 7.22
96 7.16
97 7.14
98 7.14
99 7.22
100 7.18
101 7.14
102 7.10
103 7.23
104 7.11
105 7.11
106 7.16
107 7.22
108 7.23
109 7.16
110 7.21
111 7.10
112 7.09
113 7.18
114 7.19
115 7.38
116 7.05
117 7.16
118 7.14
119 6.89
120 7.23
121 7.19
122 7.16
123 7.21
124 7.16
125 7.30
126 7.18
127 7.23
128 7.17
129 7.25
130 7.18
131 7.21
132 7.15
133 7.21
134 7.16
135 7.18
136 7.15
137 7.18
138 7.16
139 7.26
140 7.24
141 7.10
142 7.18
143 7.23
144 7.21
145 7.21
146 7.17
147 7.19
148 7.17
149 7.22
150 7.21
151 7.11
152 7.14
153 7.21
154 7.14
155 7.22
156 7.16
157 7.21
158 7.16
159 7.22
160 7.21
161 7.23
162 7.14
163 7.16
164 7.19
165 7.18
166 7.30
167 7.04
168 7.17
169 7.16
170 7.17
171 7.22
172 7.17
173 7.14
174 7.16
175 7.21
176 7.17
177 7.16
178 7.18
179 6.34
180 7.19
181 7.18
182 7.19
183 7.16
184 7.09
185 7.14
186 7.17
187 7.16
188 7.11
189 7.19
190 7.21
191 7.18
192 7.18
193 7.16
194 7.24
195 7.18
196 7.09
197 7.21
198 7.18
199 7.24
200 7.14
201 7.14
202 7.15
203 7.14
204 7.25
205 7.21
206 7.16
207 7.19
208 7.15
209 7.19
210 7.21
211 7.12
212 7.25
213 7.14
214 7.23
215 7.21
216 7.25
217 7.22
218 7.18
219 7.16
220 7.16
221 7.08
222 7.21
223 7.21
224 7.18
225 7.15
226 7.18
227 7.07
228 7.25
229 7.17
230 7.16
231 7.04
232 7.24
233 7.21
234 7.45
235 6.99
236 7.17
237 7.14
238 7.18
239 7.16
240 7.30
241 7.05
242 7.16
243 7.23
244 7.16
245 7.21
246 7.22
247 7.16
248 7.16
249 7.14
250 7.17
251 7.16
252 7.27
253 7.23
254 7.21
255 7.09
256 7.07
257 7.22
258 7.16
259 7.22
260 7.16
261 7.21
262 7.14
263 7.12
264 7.21
265 7.39
266 7.02
267 7.12
268 7.16
269 7.23
270 7.10
271 7.29
272 7.10
273 7.25
274 7.14
275 7.18
276 7.14
277 7.27
278 7.10
279 7.18
280 7.17
281 7.21
282 7.41
283 6.93
284 7.21
285 7.15
286 7.21
287 7.14
288 7.29
289 7.17
290 7.24
291 7.21
292 7.21
293 7.18
294 7.10
295 7.32
296 7.00
297 7.14
298 7.11
299 7.10
300 7.21
301 7.17
